00000 00000 - 00000000 00000000 00000000 00000010 00000 LDX
00000 00001 - 00000000 00000000 00000000 01000000 00000
00000 00010 - 00000000 00000000 00000000 00000000 00100
00000 00011 - 00000000 00000000 00000000 00010000 10000
00000 00100 - 00000000 00000000 00000000 00000001 00000
00000 00101 - 00000000 00000000 00000000 00000000 00100
00000 00110 - 00000000 00000000 00000000 00100000 00000
00000 00111 - 10000000 00000000 00000000 00000010 00000
00000 01000 - 00000000 00000000 00000000 00000000 00100
00000 01001 - 00000000 00000000 00000000 00000000 00010
00001 00000 - 00000000 00000000 00000000 00000010 00000 STX
00001 00001 - 00000000 00000000 00000000 01000000 00000
00001 00010 - 00000000 00000000 00000000 00000000 00100
00001 00011 - 00000000 00000000 00000000 00010000 00000
00001 00100 - 00110000 00000000 00000000 00000000 00000
00001 00101 - 00000010 00000000 00000000 00000000 00000
00001 00110 - 00000000 00000000 00000000 00000000 00100
00001 00111 - 00000001 00000000 00000000 00000100 00000
00001 01000 - 00000000 00000000 00000000 00000000 01000
00001 01001 - 00000000 00000000 00000000 00000000 00100
00001 01010 - 00000000 00000000 00000000 00100000 00000
00001 01011 - 00000000 00000000 00000000 00000000 00010
00010 00000 - 00000000 00000000 00000000 00000010 00000 LDY
00010 00001 - 00000000 00000000 00000000 01000000 00000
00010 00010 - 00000000 00000000 00000000 00000000 00100
00010 00011 - 00000000 00000000 00000000 00010000 10000
00010 00100 - 00000000 00000000 00000000 00000001 00000
00010 00101 - 00000000 00000000 00000000 00000000 00100
00010 00110 - 00000000 00000000 00000000 00100000 00000
00010 00111 - 01000000 00000000 00000000 00000010 00000
00010 01000 - 00000000 00000000 00000000 00000000 00100
00010 01001 - 00000000 00000000 00000000 00000000 00010 
00011 00000 - 00000000 00000000 00000000 00000010 00000 STY
00011 00001 - 00000000 00000000 00000000 01000000 00000
00011 00010 - 00000000 00000000 00000000 00000000 00100
00011 00011 - 00000000 00000000 00000000 00010000 00000
00011 00100 - 00011000 00000000 00000000 00000000 00000
00011 00101 - 00000010 00000000 00000000 00000000 00000
00011 00110 - 00000000 00000000 00000000 00000000 00100
00011 00111 - 00000001 00000000 00000000 00000100 00000
00011 01000 - 00000000 00000000 00000000 00000000 01000
00011 01001 - 00000000 00000000 00000000 00000000 00100
00011 01010 - 00000000 00000000 00000000 00100000 00000
00011 01011 - 00000000 00000000 00000000 00000000 00010 
00100 00000 - 00000000 00000000 00000000 00000010 00000 LVX
00100 00001 - 10000000 00000000 00000000 00000000 00000
00100 00010 - 00000000 00000000 00000000 00000000 00100
00100 00011 - 00000000 00000000 00000000 00000000 00010 
00101 00000 - 00000000 00000000 00000000 00000010 00000 LVY
00101 00001 - 01000000 00000000 00000000 00000000 00000
00101 00010 - 00000000 00000000 00000000 00000000 00100
00101 00011 - 00000000 00000000 00000000 00000000 00010
00110 00000 - 00000000 00000000 00000000 00000000 00100 INX
00110 00001 - 00000010 00000000 00000000 00000000 00000
00110 00010 - 10000001 00000000 00000000 00000000 00000
00110 00011 - 00000000 00000000 00000000 00000000 00100
00110 00100 - 00000000 00000000 00000000 00000000 00010
00111 00000 - 00100000 00000000 00000000 00000000 00000 DEX
00111 00001 - 00000010 00000000 00000000 00000000 00000
00111 00010 - 00000000 00000000 00000000 00000000 00100
00111 00011 - 10000001 00000000 00000000 00000000 00000
00111 00100 - 00000000 00000000 00000000 00000000 00100
00111 00101 - 00000000 00000000 00000000 00000000 00010
01000 00000 - 00000100 10000000 00000000 00000000 00000 CMP
01000 00001 - 00000000 01000000 00000000 00000000 00000
01000 00010 - 00000000 00000000 00000000 00000000 00100
01000 00011 - 00000000 00000000 00000000 00000000 00010
01001 00000 - 00000000 00000000 00000000 00000010 00000 JMP
01001 00001 - 00000000 00000000 00000000 10000000 00000
01001 00010 - 00000000 00000000 00000000 00000000 00100
01001 00011 - 00000000 00000000 00000000 00000000 00010
01010 00000 - 00000000 00000000 00000000 00000010 00000 JXL
01010 00001 - 00000000 00010000 00000000 00000000 00000
01010 00010 - 00000000 00000000 00000000 00000000 00100
01010 00011 - 00000000 00000000 00000000 00000000 00010
01011 00000 - 00000000 00000000 00000000 00000010 00000 JYL
01011 00001 - 00000000 00001000 00000000 00000000 00000
01011 00010 - 00000000 00000000 00000000 00000000 00100
01011 00011 - 00000000 00000000 00000000 00000000 00010
01100 00000 - 00000000 00000000 00000000 00000010 00000 JEQ
01100 00001 - 00000000 00000100 00000000 00000000 00000
01100 00010 - 00000000 00000000 00000000 00000000 00100
01100 00011 - 00000000 00000000 00000000 00000000 00010
01101 00000 - 00000000 00000000 00000000 00000010 00000 JNE
01101 00001 - 00000000 00011000 00000000 00000000 00000
01101 00010 - 00000000 00000000 00000000 00000000 00100
01101 00011 - 00000000 00000000 00000000 00000000 00010
01110 00000 - 00000000 00000000 00000000 00000010 00000 JOF
01110 00001 - 00000000 00000010 00000000 00000000 00000
01110 00010 - 00000000 00000000 00000000 00000000 00100
01110 00011 - 00000000 00000000 00000000 00000000 00010
01111 00000 - 00000000 00000000 00000000 00000010 00000 JUF
01111 00001 - 00000000 00000001 00000000 00000000 00000 
01111 00010 - 00000000 00000000 00000000 00000000 00100
01111 00011 - 00000000 00000000 00000000 00000000 00010
10000 00000 - 00110000 00000000 00000000 00000000 00000 JSR
10000 00001 - 00000011 00000000 00000000 00000000 00000
10000 00010 - 00000000 00000000 10000000 00000000 00000
10000 00011 - 00000000 00000000 00000000 00000000 00100
10000 00100 - 00011000 00000000 00000000 00000000 00000
10000 00101 - 00000011 00000000 00000000 00000000 00000
10000 00110 - 00000000 00000000 00100000 00000000 00000
10000 00111 - 00000000 00000000 00000000 00000000 00100
10000 01000 - 00000000 00100000 00000000 00000000 00000
10000 01001 - 00000000 00000000 00001000 00000000 00000
10000 01010 - 00000000 00000000 00000000 00000000 00100
10000 01011 - 00000000 00000000 00000000 00001000 00000
10000 01100 - 00000000 00000000 00000010 00000000 00000
10000 01101 - 00000000 00000000 00000000 00000000 00100
10000 01110 - 00000000 00000000 00000000 00000010 00000
10000 01111 - 00000000 00000000 00000000 10000000 00000
10000 10000 - 00000000 00000000 00000000 00000000 00100
10000 10001 - 00000000 00000000 00000000 00000000 00010
10001 00000 - 10000000 00000000 01000000 00000000 00000 RSR
10001 00001 - 00000000 00000000 00000000 00000000 00100
10001 00010 - 01000000 00000000 00010000 00000000 00000
10001 00011 - 00000000 00000000 00000000 00000000 00100
10001 00100 - 00000000 00000000 00000100 00000000 00000
10001 00101 - 00000000 01000000 00000000 00000000 00000
10001 00110 - 00000000 00000000 00000000 00000000 00100
10001 00111 - 00000000 00000000 00000001 00000000 00000
10001 01000 - 00000000 00000000 00000000 10000000 00000
10001 01001 - 00000000 00000000 00000000 00000000 00100
10001 01010 - 00000000 00000000 00000000 00000000 00010
10010 00000 - 00000000 00000000 00000000 00000000 00000 NOP
10010 00001 - 00000000 00000000 00000000 00000000 00000
10010 00010 - 00000000 00000000 00000000 00000000 00010
10011 00000 - 00000000 00000000 00000000 00000000 00000 BRK
10011 00001 - 00000000 00000000 00000000 00000000 00000
10011 00010 - 00000000 00000000 00000000 00000000 00001 


