ALU:
2 4042
2 4043
2 7432
2 7408
1 7404
1 74181
1 4076
1 74245
total:
12

ALU Flags:
1 74374
1 74245
2 7408
2 7432
1 7404
1 4043
total:
8

Decoder:
1 7432
1 7404
1 7474
1 4017
1 4040
5 at28c16
9 7408
total:
19

Input sequencer:
1 7408
1 7432
1 7404
1 4017
1 4043
total: 
5

IO buffer:
1 7432
1 7404
2 74374
1 4076
1 74126
1 4043
total:
7

JSR registers:
1 7404
1 4043
1 7432
3 4076
2 74374
total:
8

PC:
1 7432
1 7404
4 74245
1 74374
1 4076
1 4043
3 74193
total:
12

2 4042
7 4043
9 7432
14 7408
7 7404 
1 74181
6 4076
6 74245
6 74374
1 7474
2 4017
1 4040
5 at28c16
1 74126
3 74193


